   0, -600  952.42, 2042.7
   0,  600  952.26, 1749.96
   0,    0  942.71, 1889.15
-600,    0  778.39, 1891.58
 600,    0 1088.8 , 1895.65
-424,  424  820.76, 1845.58
 424,  424 1065.48, 1835.37
 424, -424 1065.59, 1980.56
-424, -424  810.08, 1970.25






   0, -600  952.42, 2042.7
   0,  600  952.26, 1749.96
   0,    0  942.71, 1889.15
-600,    0  778.39, 1891.58
 600,    0 1088.8 , 1895.65
-424,  424  820.76, 1845.58
 424,  424 1065.48, 1835.37
 424, -424 1065.59, 1980.56
-424, -424  810.08, 1970.25




